layout_spectrum: 0.8781362
color:
  saturation: 0.06746493
  brandStrength: 0.4856631
  lightness: 0.4086021
  rhythmicContrast: 0.1571592
typography_spectrum: 0.4892473
name: Trilaxy
