layout_spectrum: 0.8781362
typography_spectrum: 0.4892473
color:
  saturation: 0.06746493
  lightness: 0.4086021
  brandStrength: 0.7992831
  rhythmicContrast: 0.1571592
name: Trilaxy
